beta[1] .pE .pEA .pA .pI .pIH .pIR .pH .pHC .pHR .pC .pCR .lock_1_restrict .lock_2_release .GP_A .GP_H .GP_C repeats output
0.922545322083736 0.166468328241949 0.682291217602324 0.226000759998514 0.226000759998514 0.714532797731226 0.237508819463458 0.109851772726209 0.284772186429473 0.398012138495635 0.083152030202204 0.129363403026946 0.679853762261337 0.842805079254322 0.0268468980910256 0.687473493354628 0.568285994156031 20 Ens0000
0.81838847307063 0.204049135954185 0.224843441060511 0.292795881962581 0.292795881962581 0.537274113984313 0.359434483065352 0.109452763069137 0.167551346035907 0.0515636398989173 0.0997636320527973 0.757396662281826 0.401758817309746 0.190441481093876 0.766118420142448 0.968732404639013 0.985681500716601 20 Ens0001
0.648796220625096 0.187623105805115 0.0991138359240722 0.241944937045226 0.241944937045226 0.694995159941027 0.17175288101096 0.186186992512024 0.437138163036434 0.0262598574048411 0.121583994454588 0.548863289883593 0.149338305660058 0.745021572476253 0.242423754790798 0.158233545580879 0.133018445642665 20 Ens0002
0.623530063490137 0.191982518983975 0.559649969422026 0.251075525026923 0.251075525026923 0.757818641874474 0.0325880484090629 0.114051008858756 0.0651407835131977 0.790287266619902 0.0922930241227781 0.670590787794208 0.95271995163057 0.895775696681812 0.641885603952687 0.3221796798578 0.401802495954325 20 Ens0003
0.732658049875985 0.175671031752458 0.799153457814828 0.228787086181638 0.228787086181638 0.0390231696481351 0.360604795131688 0.139872009201049 0.0868463746504858 0.275978054187922 0.0821673330515599 0.731238701299299 0.276410478010075 0.290725893958006 0.663526232953882 0.659853902331088 0.0954742609814275 20 Ens0004
0.904956185799681 0.163218738395409 0.115035862260265 0.253273148360478 0.253273148360478 0.0966014062287286 0.304442580831106 0.159541003208403 0.625760374870151 0.162607164050668 0.12011935255109 0.978648929664632 0.881707613560138 0.948480572848348 0.949180501408409 0.499237998231547 0.506726436648751 20 Ens0005
1.04205967681089 0.173492812218854 0.306989866349613 0.233855906628339 0.233855906628339 0.52418284707237 0.0779694956887304 0.217795241495509 0.45319783220184 0.131563438721434 0.172012578608431 0.800461714959238 0.432392292190343 0.149351558514172 0.611507060920121 0.331741876498563 0.916282795340521 20 Ens0006
1.04664130615379 0.213801251474309 0.277622639306355 0.262562461516286 0.262562461516286 0.798975439392962 0.119255117599356 0.0823339387776874 0.239315360167529 0.562172429002531 0.108563972321259 0.962567501235753 0.216905132419197 0.628298792598071 0.0163944141298998 0.260458475328051 0.788343446922954 20 Ens0007
1.67068299458368 0.189663185623381 0.888783888355829 0.366171373974411 0.366171373974411 0.743284118239535 0.0822389843988411 0.168976887257319 0.197868237091461 0.0676457256221742 0.154937008889827 0.182269261794863 0.775996411091182 0.397172757744556 0.456936097348807 0.632537267688895 0.0392103331454564 20 Ens0008
0.816803433485994 0.206162512663845 0.853994228527881 0.248363566309722 0.248363566309722 0.105377175030299 0.734524595416142 0.118966168541402 0.332310388289625 0.586594793881561 0.133889157530533 0.305233969865367 0.858202423504554 0.00480903520365246 0.425472108949907 0.998871133552166 0.642682253965177 20 Ens0009
0.969789946352168 0.211696194181225 0.482303753466113 0.373696762474692 0.373696762474692 0.929839615611127 0.0321456889788297 0.204889019506775 0.710253885324346 0.155968045515807 0.0888205434998545 0.32929190529394 0.58080774951959 0.510813779721502 0.291753734240774 0.294183680135757 0.891082067828393 20 Ens000a
1.17058086292118 0.193563466516982 0.0630063696240541 0.255607349424863 0.255607349424863 0.82014777760487 0.13226929709335 0.0927523318718401 0.756051791494247 0.161766026310768 0.128981022601202 0.208394017146202 0.539641968905926 0.660060276504373 0.782755840325262 0.525986395275686 0.00328040712047368 20 Ens000b
1.38204268058618 0.161081590544236 0.523777356871869 0.311694804900642 0.311694804900642 0.152581272128737 0.156935574088452 0.0972398102011951 0.106047303264495 0.346673172405051 0.0856814453515877 0.389018259540899 0.391222041973379 0.817973175673978 0.748722383152926 0.212720623728819 0.956203631288372 20 Ens000c
1.30124112165277 0.201155484915948 0.150015128211817 0.319713593748802 0.319713593748802 0.245844833436422 0.0122818648598826 0.13068483578454 0.134603537269868 0.40727770054385 0.113879778126259 0.631994194193976 0.615404671634315 0.162248535180697 0.164353448280599 0.0211731424671598 0.215694930567406 20 Ens000d
1.48600948258252 0.20289784743962 0.636008520814357 0.325318928583767 0.325318928583767 0.18314993478125 0.445354494509721 0.150558232885023 0.988921418343671 0.00872667401118854 0.0871861503917203 0.793410325725563 0.90745915696607 0.678294105094392 0.490770120831439 0.717508775944589 0.190758768294472 20 Ens000e
0.825543086536542 0.164866042543449 0.041737852798542 0.285867466886698 0.285867466886698 0.654198881407501 0.074971593799364 0.0877496224033389 0.212948444025824 0.458891654460527 0.132159207995214 0.123572258563945 0.946489756053779 0.101457568252226 0.312082454754272 0.42629366441397 0.760955312399892 20 Ens000f
0.909661611001202 0.154791205611612 0.967410448199371 0.333936767002631 0.333936767002631 0.62860593496589 0.111280187165669 0.128820510796308 0.72951701724669 0.130081172949433 0.106169027877526 0.413892113871407 0.0462765640288126 0.0450039668648969 0.385745730414055 0.45620113639161 0.111733255971922 20 Ens000g
0.912095730765557 0.184185829728878 0.71247127354145 0.278228358646971 0.278228358646971 0.83532136027934 0.0158011159918623 0.0885312211775318 0.424103929830017 0.122329946110678 0.199440083217897 0.172842993802624 0.111193232535152 0.75095984081272 0.712523903616238 0.8562861590588 0.847277115500765 20 Ens000h
1.44827247984095 0.177564744516228 0.00917670823982917 0.337210019785563 0.337210019785563 0.347311038157204 0.641750059232427 0.180632634374091 0.550004743610043 0.189279558637868 0.0947930428039385 0.0173735312127974 0.731836593215121 0.310156576143345 0.676357655914035 0.608529400517 0.814451486570761 20 Ens000i
0.815914354086893 0.160036541958595 0.24103014615248 0.265164135485234 0.265164135485234 0.125100772123551 0.75349448050885 0.0867179036847429 0.57872988031595 0.359750963384537 0.0850969669150078 0.373131276725326 0.312364747968968 0.336209074279759 0.116719491791446 0.373593136208365 0.172177504125284 20 Ens000j
0.959201667693228 0.170435992476046 0.129788680624915 0.364422448644833 0.364422448644833 0.495202594756847 0.35882071100867 0.115696132070123 0.835519133281196 0.150399902164907 0.152927039613009 0.596418189734686 0.62905057418393 0.241287117556203 0.80164460435044 0.0353520431788638 0.464924625854474 20 Ens000k
1.45706210658138 0.157394133278507 0.421976600011112 0.318065277040836 0.318065277040836 0.303916908614337 0.423963576440658 0.0833255598505845 0.784076798829483 0.0316712580835443 0.148152749089742 0.556029776029754 0.556735623569693 0.218617895169882 0.130744175193831 0.879443720559357 0.708106309711002 20 Ens000l
0.791867973251338 0.198872240740271 0.448271889862372 0.222874953169605 0.222874953169605 0.21926107807667 0.189556002574989 0.0992160648713168 0.692230614449363 0.300514481511713 0.183242646313959 0.0815944850968663 0.263190334325191 0.437469837535173 0.569237914803671 0.0801825104863383 0.596143914147979 20 Ens000m
0.768203550241116 0.19620731135428 0.815376545354957 0.288086146618916 0.288086146618916 0.267842365527758 0.677890059034876 0.103062782301429 0.803133984253509 0.118919440020719 0.138486872534895 0.926275199145312 0.0592993391677737 0.85328070417163 0.525958584668115 0.563642824202543 0.739107815583702 20 Ens000n
1.38303745604163 0.216773769920591 0.995878353348235 0.352994387199937 0.352994387199937 0.438732890435494 0.284527107286143 0.0914976733831417 0.497726092964876 0.186665264736369 0.123437288899759 0.444501201366074 0.980308366497047 0.978821333154338 0.373680902842898 0.141750490758568 0.525851478066761 20 Ens000o
0.76099056810388 0.179491702292048 0.579973190760938 0.270617485091479 0.270617485091479 0.0708846809982788 0.113999383003458 0.14478277046219 0.964193493669154 0.0102470368599278 0.219142293995249 0.293069856479997 0.669889774941839 0.561156277050031 0.0545507663686294 0.51795436006505 0.316488783655222 20 Ens000p
1.28699841768562 0.216428441051735 0.616438973980257 0.282592446386995 0.282592446386995 0.586184611421777 0.265803634959259 0.135695110526945 0.947368666547118 0.0176191477852908 0.104919536214908 0.483192993712146 0.0157495191320777 0.250254872068763 0.903321456781123 0.114378837001277 0.659045094676549 20 Ens000q
0.688404313232636 0.156839710928161 0.930436075909529 0.234665924520124 0.234665924520124 0.291315752989613 0.651345910478579 0.142500410542376 0.51155801427085 0.0850360626321 0.11609006623687 0.227031482750317 0.506570425780956 0.603853452973999 0.844962867914001 0.0601995397126302 0.698120186047163 20 Ens000r
0.911192993272531 0.186151079064893 0.354758713382762 0.238269251629971 0.238269251629971 0.988780070334906 0.000437484178438985 0.121971267834515 0.89874989161035 0.0646588202921876 0.0906011004777207 0.508346768497722 0.189304072153755 0.350349769572495 0.267306345666293 0.939687932131346 0.387453153677052 20 Ens000s
0.51958364646756 0.2080726799302 0.467088320013136 0.22627389126349 0.22627389126349 0.41466149945627 0.253985340955618 0.0811424993554017 0.53369046287844 0.0899643467543475 0.141322106342621 0.474907211324899 0.814463545521721 0.481973993021529 0.875715497898636 0.792648422945058 0.243259749549907 20 Ens000t
0.991862963035493 0.154530617188881 0.829182700789534 0.261251725845317 0.261251725845317 0.862162618467119 0.0662628895655498 0.125738344003492 0.851258732244605 0.113964550352745 0.177187315025442 0.620639031182509 0.83450004242477 0.713743496872485 0.341751141945133 0.399980255338596 0.945736103638774 20 Ens000u
0.96752257501531 0.180165877077663 0.907750272500562 0.243700012286293 0.243700012286293 0.901017501193564 0.0749274596767791 0.0953485139365361 0.670790191739798 0.0356698702753559 0.0983973385414965 0.897007502912311 0.711603307258338 0.0564930761349387 0.419258902536239 0.193090251192916 0.263592368626269 20 Ens000v
1.53992634759818 0.158872969717176 0.33731766884448 0.35156463023963 0.35156463023963 0.553658836008981 0.157658511785175 0.105740540436039 0.30051966321771 0.569602093974 0.163921387722435 0.711889852734748 0.161419875122374 0.901065414526965 0.861120357230538 0.845944771106588 0.052533488557674 20 Ens000w
0.950584491222997 0.165091683719571 0.673125046491623 0.2986880785515 0.2986880785515 0.390140182641335 0.163193881940714 0.196184620882255 0.376827214699006 0.587696813605446 0.101225162225032 0.838739147310844 0.366445373778697 0.591814910498215 0.076625020155916 0.905762015894288 0.852496358612552 20 Ens000x
1.17862706029508 0.221072935388795 0.377583722874988 0.304936446845429 0.304936446845429 0.0166001174889971 0.653913161823084 0.169211667462949 0.256674840726191 0.382859127615707 0.160577904681121 0.0636452018457931 0.0857162778207567 0.784324932907475 0.188900750793982 0.765906106622424 0.481747445929796 20 Ens000y
1.44851678819423 0.190816747494111 0.76120754222502 0.385169393924989 0.385169393924989 0.365673253720161 0.0389655684162359 0.0845713663505863 0.624849142099265 0.271514184831206 0.0953571109152753 0.688292520452524 0.458856049639871 0.0754080065176822 0.953457899932982 0.578644386882661 0.603372224356281 20 Ens000z
1.04996899209422 0.171956679293643 0.190889989369316 0.341436439151783 0.341436439151783 0.613341935741482 0.15910463772934 0.10094660708152 0.919346267147921 2.47493600617745e-05 0.0805727551253785 0.266019870596938 0.480285958194872 0.953614367544651 0.505215284065343 0.745313261914998 0.433131080970634 20 Ens0010
1.09877453165232 0.170836287533225 0.746187772945268 0.30309874338351 0.30309874338351 0.878318085777573 0.0837614879620058 0.154790716930509 0.0342091509490274 0.92988510282934 0.111167094616626 0.0477736655448098 0.233691571262898 0.463166693993844 0.98223039705772 0.41495517436997 0.3593404748186 20 Ens0011
0.867504444688365 0.181788114466351 0.253903802519199 0.272545819208896 0.272545819208896 0.970661803381518 0.0263087793354626 0.191815064986694 0.374371958553093 0.427027406090866 0.207642260955689 0.907782156497706 0.75839882735163 0.412866330880206 0.575804845930543 0.821987755922601 0.289475943957223 20 Ens0012
1.44881015869699 0.168100497630065 0.547358438570518 0.392987875746453 0.392987875746453 0.463634421682218 0.51831267340621 0.0944493814010654 0.0152037637657486 0.25347691239935 0.190540954393474 0.871554547775304 0.345048983942252 0.527852302067913 0.21559969605878 0.23392839745502 0.342416418943321 20 Ens0013
0.869274435369428 0.1892700739881 0.0730394521332346 0.239152833963446 0.239152833963446 0.156257948180428 0.618677559321591 0.145815507622885 0.26331898131175 0.588421293467794 0.0910762764380386 0.563445015735924 0.0977357666578609 0.178500756041612 0.560768607557984 0.245649747696007 0.885220842353301 20 Ens0014
0.649716525353781 0.204638036317368 0.491212368013803 0.267850812774693 0.267850812774693 0.623578053097008 0.108073805402505 0.0996409096664693 0.12112555057276 0.219369529104967 0.0846678718938704 0.580474620156456 0.124167084021028 0.0398603383742739 0.970638062783983 0.0505674888601061 0.179044024044415 20 Ens0015
0.992174305454188 0.160531642791253 0.100652476514224 0.321328565969868 0.321328565969868 0.142458644123981 0.378971161641694 0.131598380692614 0.020713811207097 0.329673173899306 0.146274726852767 0.196760139799444 0.479640333330026 0.425570902454201 0.761925940483343 0.901670059167082 0.510017265521456 20 Ens0016
0.714284852634023 0.214715894492846 0.345836499282159 0.222304685636537 0.222304685636537 0.335847345482325 0.164746161164204 0.1181724826965 0.753013432010775 0.0176042672107301 0.101860093414767 0.62737629761803 0.661967861138983 0.798456918601878 0.488563179132761 0.489581410811516 0.944011794371763 20 Ens0017
1.60542415533117 0.172784181580083 0.0140952427743468 0.343477263119205 0.343477263119205 0.221671722860774 0.134363806611968 0.086026604776551 0.559458213625476 0.261524635945019 0.0837996795338842 0.703438479425386 0.031400850166101 0.606673769517802 0.221507888265187 0.739691895690048 0.499937369126128 20 Ens0018
1.26690085099941 0.176130041476541 0.300199519416783 0.3784356124352 0.3784356124352 0.0835794425022323 0.285859248267731 0.0802430727364591 0.399317503926577 0.535820336496307 0.12049391874646 0.862972186458064 0.748192092108075 0.682586853532121 0.432186216486152 0.186102717983304 0.686043567932211 20 Ens0019
0.890826516963403 0.181001321517502 0.0763072911370546 0.227103278399606 0.227103278399606 0.448581471047364 0.421194532042737 0.0897869726538435 0.191745776087046 0.108735454376633 0.152139181391213 0.67996832046425 0.912667309646495 0.916367360433796 0.654444477722282 0.224306083790725 0.672865935410373 20 Ens001a
0.730571101542468 0.162996649987014 0.705340875018155 0.224289768277556 0.224289768277556 0.681108600805746 0.144988478172452 0.0912094331981983 0.981833670710912 0.000128445835675196 0.158954427280394 0.333289330877597 0.517300301493378 0.530396620007232 0.467695754620945 0.279145122880582 0.0199411311466247 20 Ens001b
1.05805427771129 0.169398619284834 0.896606113713933 0.277745674286542 0.277745674286542 0.733001556115923 0.142649411490902 0.149256538437286 0.148741333739599 0.152653945147431 0.12752453058654 0.821171804609476 0.023145686784992 0.168517448552884 0.0682433159358334 0.500204860626254 0.63837580331834 20 Ens001c
1.23236978202212 0.181296057102558 0.642846597332973 0.309504603459134 0.309504603459134 0.516145016085356 0.408979981388769 0.10197443435451 0.174054486871464 0.579459315323672 0.186095958823728 0.390014610257931 0.938763422728516 0.0902394824742805 0.787096467386 0.257293748254888 0.0720607827045023 20 Ens001d
0.896452938473353 0.161935448372099 0.541726772194961 0.336064691204044 0.336064691204044 0.889522214377066 0.087413972215752 0.0978374059529584 0.44284874850302 0.145078610462362 0.105299139484503 0.0128247954230756 0.784887017545989 0.762538517609937 0.1679923038173 0.0499764576298185 0.73071442385437 20 Ens001e
0.573293735167821 0.17700270542855 0.392012532867957 0.235721645461076 0.235721645461076 0.663874149485491 0.226831169043961 0.143397808058808 0.858654698174214 0.0801463483715869 0.193844176484167 0.211802664073184 0.247270141590852 0.231625426758546 0.511817900751485 0.712081792561803 0.966221326977247 20 Ens001f
0.891907047375414 0.183639327856618 0.954550883707125 0.289898708140122 0.289898708140122 0.64700031163753 0.255906249075051 0.0817453650923466 0.0795299770217389 0.916060189392642 0.134571778063166 0.661492021671729 0.464477782915346 0.725442804212216 0.38176989618456 0.893791765004862 0.347232582415454 20 Ens001g
1.02268228905011 0.194675722107763 0.87260792016983 0.233008386557046 0.233008386557046 0.241835889043286 0.472913931101109 0.083795687029658 0.458206835609162 0.248736122278787 0.213263065271189 0.357830431159819 0.357270529366797 0.804119254893158 0.146564234804828 0.462401889747707 0.841023640721105 20 Ens001h
1.18577861621789 0.209141221986614 0.65661807387718 0.384499737978968 0.384499737978968 0.253734776617493 0.41174107201516 0.121073200959786 0.887875572568737 0.0920872835396419 0.125636442546937 0.106658461710904 0.377117742237169 0.333260269282619 0.0833417670452036 0.169857952122111 0.0401551491813734 20 Ens001i
1.27197300696416 0.219716019162512 0.212323687856551 0.294530255415173 0.294530255415173 0.873326113402145 0.086343659741245 0.124746109724388 0.719177366511431 0.172340486847763 0.104504628148628 0.23213874269044 0.959566464871168 0.12695862847846 0.10195312284166 0.813938903665403 0.720017155245878 20 Ens001j
0.746009345547859 0.198127056002853 0.976509728922974 0.286483436773158 0.286483436773158 0.048418563939631 0.24321840782534 0.136313131584534 0.677653268981958 0.175653734594245 0.0989647809480561 0.486349249334307 0.57508504099329 0.701637899618363 0.850354240572779 0.982240212713368 0.429150444525294 20 Ens001k
1.58709871618151 0.189987305012277 0.904601161682513 0.361928529403018 0.361928529403018 0.1005588497594 0.72540914719833 0.198909365998474 0.202662732931785 0.24922363363226 0.129970872239055 0.783132508114213 0.551647578916745 0.66852581904619 0.61717710713041 0.357415353868855 0.866353789151181 20 Ens001l
0.972799643762397 0.213421949191626 0.178237861355301 0.34849672147003 0.34849672147003 0.950601765026804 0.0028387765360288 0.104319741815113 0.043982830720488 0.407100279172379 0.201935850051673 0.279250374806579 0.448319328865036 0.404688054120634 0.0017844803922344 0.671856861388078 0.78346141705988 20 Ens001m
0.862246557422882 0.159266711689256 0.229380474648206 0.270527935749211 0.270527935749211 0.801829869977664 0.0171788171554639 0.20913099601305 0.359955281174043 0.58980624135261 0.181058365078709 0.153091356680961 0.630742985784309 0.969037883476121 0.805730865964433 0.385069388138363 0.620173143257853 20 Ens001n
1.15463686925212 0.202101315317172 0.927322567478986 0.251986065482965 0.251986065482965 0.559037198321894 0.0793088690342386 0.188405795950005 0.604108346633147 0.343281569473222 0.108844034282067 0.319373614329379 0.608047064979328 0.387859248446766 0.22827043156838 0.447361734992592 0.534818627031054 20 Ens001o
0.835215926334186 0.210676248517819 0.613298496608622 0.245732925110226 0.245732925110226 0.456900028634118 0.28354217936403 0.0956546943904066 0.525038958720397 0.308822815726838 0.086795909513919 0.0891671148291789 0.0690792573499493 0.999211655796971 0.89411218984169 0.604346751114354 0.450260312278988 20 Ens001p
0.837910988252988 0.155761967535405 0.0289321031991858 0.259696710655031 0.259696710655031 0.361102302089566 0.129407620107251 0.112903542805689 0.909982800954022 0.0671877671526379 0.171267688002565 0.916794864246622 0.320088679641485 0.120971280542435 0.332828769548796 0.628186078653671 0.299905841860455 20 Ens001q
1.02450025596909 0.154344442924643 0.77686980041326 0.263472686252184 0.263472686252184 0.00449818172492087 0.101022066437294 0.093809909838918 0.487793732093414 0.188263194853238 0.115744381586968 0.0706110936880577 0.193386227220763 0.308243322515627 0.296352894731099 0.589380367377307 0.581230545107974 20 Ens001r
1.55692082076993 0.171925457106826 0.586031740606995 0.326983323816989 0.326983323816989 0.932200722368434 0.0023387146731014 0.111984560334301 0.315317120449618 0.277340054361478 0.111361546896941 0.951187512448523 0.723683477343293 0.553116988528054 0.541290543692885 0.556784192669438 0.55023154738592 20 Ens001s
1.15824616202947 0.200569762552193 0.270291677572532 0.319096848189703 0.319096848189703 0.982508806417463 0.00621919639322774 0.0882787094687925 0.815248086459469 0.0147748953523897 0.119338736079887 0.848975690766238 0.294831509091891 0.478744054165436 0.909035730754258 0.34417919434607 0.351900516480673 20 Ens001t
0.730797065205967 0.158023112300265 0.427811657683924 0.256647197751184 0.256647197751184 0.772606088124448 0.225106583884502 0.170684220009497 0.240678341636667 0.373575544513583 0.0986162526260197 0.409511991739273 0.159872558270581 0.891761745803524 0.688490257716039 0.944568725208519 0.424301422913559 20 Ens001u
0.837763053261797 0.185464122500876 0.372894529716577 0.280660515766775 0.280660515766775 0.0564792111667339 0.858304736020695 0.108853120719851 0.638981098044897 0.0116619062127238 0.112949315466996 0.7634127121442 0.887648510837462 0.643685008297907 0.253414614418289 0.831820407910272 0.0765252583019901 20 Ens001v
0.532258234999903 0.196914577665624 0.847847236650996 0.230275875896015 0.230275875896015 0.383886983161792 0.303913450259264 0.137510197801239 0.288987736471463 0.497657704693083 0.156413507437949 0.992099859208101 0.405757460310124 0.202378555524629 0.302742323862622 0.103157691115048 0.378303477939917 20 Ens001w
1.03406187788201 0.163775975758041 0.820601494133007 0.245153034464657 0.245153034464657 0.845125310571166 0.0514547054980128 0.0841276911147538 0.414841829059878 0.557554069907435 0.095921936239019 0.467794817227405 0.771850698378403 0.372364761036588 0.849216403351165 0.778054020294221 0.145800923368661 20 Ens001x
1.15435483024983 0.178988368875992 0.727796062949346 0.310521388062889 0.310521388062889 0.707333093013149 0.111691251324857 0.161773169615262 0.927597901242552 0.0203768404365214 0.166816439313119 0.939076752366964 0.689816249213182 0.272643243347993 0.944517287663184 0.960200452298159 0.823967507147463 20 Ens001y
0.945758270871184 0.174929819125977 0.56636756235268 0.274356119370572 0.274356119370572 0.534909188682213 0.065256419252465 0.127352112327112 0.846468062198255 0.0804241943791125 0.0803780694241728 0.143348868447356 0.864764785134466 0.466341654736316 0.634048754075775 0.00701544820447452 0.771115842820145 20 Ens001z
0.814179556633097 0.168390588320983 0.473033395443344 0.29607454209329 0.29607454209329 0.286028706085635 0.631657136614511 0.0931263462128756 0.777968447096646 0.168777602876904 0.0897494484004078 0.525693684669677 0.996335885726148 0.0121403290191665 0.598855157784419 0.770535292939749 0.924461573505541 20 Ens0020
1.85217634038091 0.207154559152457 0.408899095846573 0.390080383656973 0.390080383656973 0.577197135551833 0.362130900195163 0.106284837466356 0.596935912047047 0.0463323979600571 0.140574652715559 0.0303230191732291 0.127897448630538 0.288170040899422 0.722972375988029 0.865656799380668 0.301263733484084 20 Ens0021
1.29454131637299 0.218670325482203 0.14730832828558 0.304193941907008 0.304193941907008 0.199092901819386 0.320400992964392 0.16487710914462 0.522812590275425 0.402846585263583 0.209996640476744 0.447941247301642 0.543679225650849 0.599244676770177 0.979648619872751 0.311244025327032 0.251491028177552 20 Ens0022
1.49721819698345 0.156603994929501 0.514487810492283 0.355232707149905 0.355232707149905 0.320244413713226 0.39941500101073 0.175515267164408 0.972573339774972 0.0104991973790255 0.143559214745948 0.524512940166751 0.2575353905675 0.865918366193073 0.401330593464663 0.0855676399578806 0.246312699560076 20 Ens0023
1.47326152141939 0.16664991306276 0.758547204480274 0.366717381128397 0.366717381128397 0.781412493588869 0.207907877964376 0.116110175182623 0.662758999146754 0.218716830585388 0.0916856031140549 0.74295836201054 0.20835417258204 0.518642135177506 0.727372231659247 0.13489361578133 0.99368886049604 20 Ens0024
1.03933888495698 0.165219552985893 0.283654172708048 0.241245144294776 0.241245144294776 0.402172144587385 0.380250149224326 0.182469422070486 0.0532469750405289 0.194558538444102 0.0878062657150923 0.25633459167555 0.846125640200917 0.0504082742996979 0.368173412776086 0.40924742213916 0.152240374074318 20 Ens0025
0.947126424853417 0.18682509828587 0.676499053315492 0.330970469456699 0.330970469456699 0.491576648512855 0.0125180614198021 0.214689503066911 0.349038603981026 0.102103039869732 0.0815004382682161 0.618760721009457 0.819543672953732 0.831785332649015 0.182999209623085 0.675919766854495 0.207009057153482 20 Ens0026
0.881787375502054 0.193157109902644 0.163863288837019 0.248546844861011 0.248546844861011 0.919878554660827 0.0757324073179814 0.158014468800291 0.735023674909025 0.2482106407125 0.0951146944077099 0.88208810163429 0.32844503980712 0.936926869442686 0.0481412214820739 0.533650516193593 0.103520391290076 20 Ens0027
1.25911762199051 0.16886019852985 0.538289835700998 0.289088264970834 0.289088264970834 0.169647330126027 0.495004925020672 0.16060663493334 0.586393697520252 0.406244854899881 0.135836754785144 0.690721418057801 0.96233101478545 0.0802354689524509 0.142455669628689 0.145223430382321 0.520375204702141 20 Ens0028
0.647148797191886 0.215442262463209 0.202263320136117 0.228489164091314 0.228489164091314 0.317831803162117 0.655826890730852 0.13406408829006 0.466487358914455 0.117716199283394 0.178159159167021 0.132957092094002 0.769876834976021 0.297825309230248 0.20644266967196 0.303907105880789 0.535091676700395 20 Ens0029
0.986293702879694 0.18649126201448 0.651055767727085 0.238609955925561 0.238609955925561 0.0269954128249083 0.155138411614069 0.152247152155198 0.327481553191319 0.491133739756444 0.141439811693227 0.114551079885568 0.867494846688351 0.86427723472123 0.680189098143019 0.573507947142935 0.972303103280719 20 Ens002a
1.02960485968538 0.212988175543973 0.571304508121684 0.26727251583501 0.26727251583501 0.489184661527397 0.241035102432969 0.183720154102825 0.0114333094842732 0.336157827539086 0.0927356175361831 0.503109274482122 0.934319338786881 0.5803348997992 0.871318593436154 0.741572595268954 0.790988287851214 20 Ens002b
0.846227509045626 0.170598303733105 0.788672937820666 0.34288733942877 0.34288733942877 0.274125846393872 0.446556953053192 0.194294011668089 0.645926507920958 0.276825121156601 0.0884017783272756 0.0367210972541943 0.165777978032129 0.809485760420794 0.361938796723261 0.82982777608675 0.232208789073629 20 Ens002c
1.12018242590457 0.195398967609345 0.986641028744634 0.273429359379936 0.273429359379936 0.909364327264484 0.000486232322342038 0.103423370976382 0.161795498452848 0.738473148378886 0.0973080349488608 0.451470009071054 0.136635927637108 0.249180241733557 0.771633543315111 0.183641770966351 0.903461887919111 20 Ens002d
0.845221682351707 0.176287654683958 0.495321906661848 0.244829271551582 0.244829271551582 0.884493222107412 0.0430597374351349 0.116906110722918 0.0638057798810769 0.0872222630661809 0.166121320717449 0.586897330638021 0.560435428692726 0.963598212267971 0.174661948434077 0.796165747949854 0.362725390339037 20 Ens002e
1.2441686355561 0.162426584538417 0.717298807104817 0.379084401644819 0.379084401644819 0.342938611470163 0.0710185222401921 0.123574717588963 0.369635872095823 0.321395004517964 0.123917322783174 0.30475070078508 0.735429823120357 0.655399887947133 0.988560805285815 0.336118335470092 0.0245810685039032 20 Ens002f
1.13922982212974 0.204270555915857 0.808519054899225 0.28179943752466 0.28179943752466 0.352970527788857 0.163882918481373 0.0849973193302671 0.434479711699532 0.110686747670779 0.103954318972099 0.988748748468934 0.30160316026886 0.882347680372186 0.288924235323211 0.696830083484529 0.0812343567213975 20 Ens002g
1.22491103107009 0.167565397861261 0.880621837587096 0.26412901753118 0.26412901753118 0.567544053478632 0.402782313037928 0.164442149285466 0.861916359872557 0.0402373161470436 0.122737947751987 0.875124359540641 0.352496800911613 0.536245598440291 0.744730019301642 0.616251533237519 0.109588386982214 20 Ens002h
0.973749529914736 0.174049212663327 0.00413058645674028 0.332517617152274 0.332517617152274 0.511022892994806 0.345743980178958 0.127007650683719 0.114006249423837 0.536081709344772 0.0963450220998082 0.724547957041068 0.547483172260691 0.922444168551592 0.0742353601369541 0.415791211901233 0.619349386581453 20 Ens002i
0.594323801817669 0.191357254471264 0.410849585634423 0.232386728477469 0.232386728477469 0.600034706135048 0.347154433937763 0.174193883170202 0.733862212458625 0.09511427185558 0.0851997990803703 0.911678742737277 0.79126996076433 0.301993121781852 0.836929876510985 0.274258164656349 0.632386299420614 20 Ens002j
1.03570673881388 0.192138202497922 0.29078094113851 0.27687798545 0.27687798545 0.0235690228827298 0.613198355129809 0.10525688685571 0.277876201480394 0.0736419940322781 0.102169408932494 0.0567533909948543 0.46542898433283 0.503509510816075 0.820463334984379 0.115215642486 0.195292756389827 20 Ens002k
0.601288737755091 0.161563919556504 0.132322123990161 0.249714826468112 0.249714826468112 0.665660523585975 0.026317056184985 0.110342581701968 0.772914386302 0.0511995833730267 0.116923835452444 0.640615913229994 0.295373500213027 0.623821717490209 0.921947676724521 0.975845914151287 0.692225133078173 20 Ens002l
1.26718652810079 0.164522300318048 0.696844798214734 0.32418229684635 0.32418229684635 0.228666111947969 0.441472160080198 0.0922400719321523 0.312011319212615 0.624388033698121 0.220219334146813 0.970340852991212 0.176776935114758 0.152448316378286 0.658724684199551 0.472775907849427 0.828789025987498 20 Ens002m
0.951800303381191 0.173315934874938 0.456495800378034 0.297386269200258 0.297386269200258 0.631222105757333 0.328719574683336 0.0808068085599418 0.920381045294926 0.0420856923667156 0.118932478138251 0.0019673252874054 0.0129885442054365 0.639321563367266 0.621535712800687 0.200136575704673 0.32553640183527 20 Ens002n
1.71537146027014 0.178172184743528 0.315850118207745 0.354259599028889 0.354259599028889 0.678876612451859 0.25290068787989 0.0821838821600847 0.4903340367903 0.210271907691901 0.0861325894795685 0.568989384117303 0.707752796625718 0.724839838569751 0.958965220215032 0.0309411793400068 0.415298434761353 20 Ens002o
1.48207047861687 0.202880348459764 0.23644798003952 0.329214169412715 0.329214169412715 0.830940766540589 0.0468453738063446 0.206842879149158 0.206824236741522 0.498032894459966 0.0886314748515179 0.610901518047322 0.0421513122133911 0.785103100823471 0.556723990180763 0.35201319143991 0.314285233762348 20 Ens002p
0.661933073616254 0.179655278312495 0.634339409121312 0.225325653797749 0.225325653797749 0.788005014116643 0.0844878073237337 0.201238206191629 0.934930770493811 0.0567834273322812 0.114387075795752 0.738527784651378 0.380686452543596 0.940831412980333 0.413142178065609 0.0152432831283659 0.660108535389882 20 Ens002q
0.758533749504724 0.216973409035794 0.506954640519107 0.259232900425267 0.259232900425267 0.296475230929209 0.157955641086431 0.212115343223543 0.704426459397655 0.144266432829343 0.13157427465977 0.797265391162364 0.090570110011613 0.361090891262284 0.715709534656489 0.433864581387024 0.158731584582711 20 Ens002r
0.712262416031334 0.194041469349494 0.0891787433100399 0.231334673210518 0.231334673210518 0.810200231696945 0.103077487662558 0.0983281721670016 0.0995188643457368 0.834540607598013 0.0807370105367051 0.239972777381772 0.648880456474144 0.212749509547139 0.255346928599756 0.800787326768041 0.257136470420519 20 Ens002s
0.6458632377058 0.17720125499281 0.948704261851963 0.257855471104642 0.257855471104642 0.0886106958484743 0.391585965912064 0.0969172767706131 0.125824177805334 0.0453082900590609 0.160254558565843 0.491758810796309 0.072521493267268 0.571766196056269 0.449578250889899 0.23912707022042 0.876086803798098 20 Ens002t
1.30821149302971 0.18836233132734 0.767921092872275 0.360098057836024 0.360098057836024 0.543021337568061 0.193829683186147 0.108085791828056 0.178271972227376 0.0176643814414415 0.090818633637531 0.274377723626094 0.512082728269743 0.0226653023832478 0.239515158754075 0.0984405400871765 0.744556901332689 20 Ens002u
1.42559847397182 0.199304165966954 0.385692537793657 0.37298722542493 0.37298722542493 0.703707440136932 0.269785398456913 0.129815438107552 0.418350551129552 0.563390598696036 0.188244047327498 0.42107757015503 0.441691064365441 0.765963985060807 0.478463354365667 0.512543699902017 0.750430585499853 20 Ens002v
0.631008051701118 0.155343225291002 0.598277203309117 0.240399200473904 0.240399200473904 0.194706127498066 0.644447494533355 0.0856842944228557 0.0254953271511477 0.639007299703643 0.106628250693521 0.857838318765862 0.699766090990743 0.730811798397917 0.899239506026497 0.594999560555443 0.591989069667179 20 Ens002w
0.94031211959213 0.156142574658593 0.60528568358277 0.284364436317325 0.284364436317325 0.977990712787723 0.00402964246080089 0.148879663766416 0.611225744055118 0.0107480648123958 0.110413072315172 0.289462855249876 0.611792768382002 0.187332614402985 0.34589242624701 0.754161461684853 0.983484888536623 20 Ens002x
1.08863513797601 0.19786831066555 0.972328189129475 0.295303513523363 0.295303513523363 0.207681737141684 0.610195723640126 0.113438958589613 0.883059315418359 0.0293210340557279 0.0818585843152594 0.399456282334868 0.26738832632429 0.267784509065095 0.0221086558559909 0.646703907380579 0.486465907798847 20 Ens002y
0.720820348194132 0.183124505243885 0.735790991607355 0.268557147798443 0.268557147798443 0.945786234318512 0.00137050645277187 0.0896971558175339 0.569828980854945 0.360365449839583 0.137545395476407 0.537898204480298 0.599372100163018 0.133221187163144 0.0999571232183371 0.295832993589574 0.12712935006246 20 Ens002z
1.23648727772627 0.182234608225267 0.913638624184532 0.31400408077431 0.31400408077431 0.753222072659992 0.245686905404301 0.0871147302400876 0.791817026013741 0.0926993586681362 0.0996386451988462 0.813798596485285 0.924515772571322 0.848132402525516 0.122249656945933 0.885614810026018 0.818417173919734 20 Ens0030
0.985531834698147 0.169987589909762 0.155692993915873 0.247091212686237 0.247091212686237 0.146411489887396 0.125897104568496 0.0905948317326336 0.822491998561891 0.120358042354017 0.109629912532057 0.189057561903028 0.673866150815738 0.987940165471518 0.0415950756310485 0.17152403583168 0.440656757194083 20 Ens0031
0.908893921282336 0.165447895139518 0.365125978286378 0.316478841680817 0.316478841680817 0.747952523768181 0.0794400492126149 0.117870283681188 0.509817120097578 0.154416405183527 0.205686396295417 0.769422527101124 0.990274329677923 0.443239590127487 0.399864750641864 0.0680632563633844 0.0640925273345783 20 Ens0032
0.908309007349322 0.160284782084281 0.255130966252182 0.223600456751954 0.223600456751954 0.467232652010862 0.255658996691179 0.102765049873823 0.979843725344399 0.0120105077294035 0.0944208694367863 0.367967016771436 0.489674936692463 0.114834274827736 0.791159168630838 0.491984478842933 0.714548965890426 20 Ens0033
1.13703523840362 0.20553062710838 0.0326979876065161 0.337475516170854 0.337475516170854 0.415993312227074 0.200647101332109 0.0830562978363157 0.829941162846517 0.137218409563276 0.129054123028792 0.336208092164015 0.338923358322354 0.491852020426886 0.581592923653079 0.946986533495365 0.862791485954076 20 Ens0034
1.47621358711942 0.158723386172313 0.327744232016848 0.390606018336188 0.390606018336188 0.114006324706133 0.201272967235123 0.139299928957081 0.545188729608199 0.210929123903322 0.0836116625528133 0.666526035027346 0.824444010136649 0.0716539046587423 0.452524777909275 0.922566508405143 0.278523570990656 20 Ens0035
0.918065699063304 0.211410319858536 0.868789653066779 0.350248652856983 0.350248652856983 0.867726746349363 0.11057386234687 0.122387486817164 0.669410298338626 0.233380309918811 0.174527559191046 0.162027886684518 0.836115861750441 0.379440026358934 0.932604832359357 0.700171254430897 0.396457674298435 20 Ens0036
1.3770984445762 0.219234713009275 0.431135709043592 0.307332550725691 0.307332550725691 0.583532482351875 0.0274264043368383 0.0999689848439677 0.957342571575427 0.00552193726205881 0.195602794661921 0.438894648012938 0.894129380105296 0.698533410324017 0.645076750728767 0.669711495373631 0.458636122081662 20 Ens0037
1.34020778043466 0.185853145516652 0.0673472571827006 0.371752804782685 0.371752804782685 0.0692635476787109 0.477205543059169 0.153700459937694 0.6813408961799 0.120707029827738 0.151620334674783 0.947276294354815 0.221716206558049 0.348837570336182 0.191451497641392 0.548970558412839 0.929300020675873 20 Ens0038
1.1195748790066 0.15712879215285 0.841345350584015 0.253579061855987 0.253579061855987 0.379555676298914 0.431619171193322 0.142042405477819 0.226801520544104 0.597451520253942 0.188062525747897 0.0931643379910383 0.413892583745765 0.47123553091893 0.319521501531126 0.955946834047791 0.201801700709621 20 Ens0039
1.40375909710273 0.153542158879024 0.111921633497113 0.302422444982932 0.302422444982932 0.967781473926734 0.0241474777653 0.179890351392714 0.381546339212218 0.0941066764654924 0.157991267063644 0.224813895488624 0.105278448576573 0.423415629854426 0.522588501689024 0.394585155854002 0.562822913412238 20 Ens003a
0.898334177393868 0.208580875384594 0.189545077540679 0.23416796158376 0.23416796158376 0.442334646411473 0.372445755508568 0.093644332170052 0.254038277721265 0.427967019101979 0.146974208724731 0.828032225264469 0.24429964170442 0.0315753541339654 0.535969416252337 0.873338571318891 0.0280096183123533 20 Ens003b
0.715713893372532 0.201968831615385 0.620234301885357 0.24981497724622 0.24981497724622 0.959180776033318 0.031896341728073 0.0851644923149131 0.940850998383248 0.0488933458534853 0.112100834279103 0.477537481258623 0.69077331070439 0.585411991196452 0.938062565963483 0.421687404444674 0.899769697411684 20 Ens003c
1.28263072722976 0.195202803785177 0.0849767498741858 0.300036131712361 0.300036131712361 0.545090043108212 0.410756894473116 0.0900609466454504 0.572561185865197 0.116005388653528 0.12240465124381 0.354016634286381 0.309180770802777 0.369258204653161 0.262324134958908 0.0124910505395383 0.910244647038635 20 Ens003d
1.21337808738301 0.192719965225093 0.784555036099628 0.320580202182082 0.320580202182082 0.179161370870424 0.092449946648056 0.147177871989925 0.78560298431199 0.018921779013134 0.114819764021182 0.249528674512403 0.0516905468539335 0.980324947085464 0.732840955546126 0.195168049206259 0.518634835676057 20 Ens003e
1.24101940884066 0.182835900468581 0.382427269926993 0.269435528806504 0.269435528806504 0.121027655337239 0.497969980104931 0.117095447933645 0.536543140939903 0.320081375123432 0.107540148365261 0.830614032996818 0.341652535421308 0.485519552140031 0.915248246599222 0.836783800142584 0.777987455388065 20 Ens003f
0.841223538643626 0.198748066673159 0.232975602605147 0.242025391760677 0.242025391760677 0.134456432793522 0.336876593868361 0.0805207254639069 0.449102042738814 0.250171623302793 0.0903510236678785 0.0293000379740261 0.90179606593214 0.613949072037358 0.277640826577554 0.757655000955565 0.715378630344057 20 Ens003g
1.17335868723551 0.218109828981055 0.107070276124869 0.387153808079585 0.387153808079585 0.893912889264757 0.0228059968554645 0.0818205226239153 0.354030544731067 0.380447074108394 0.113606761528934 0.461127064698376 0.593781256815419 0.888099651943194 0.698594317998504 0.543557947450317 0.227083491220837 20 Ens003h
1.29514214911418 0.18064878879314 0.594494295557961 0.283467897283148 0.283467897283148 0.658711232858477 0.000281006163997161 0.172247299459401 0.741207559818868 0.172637613489906 0.0841596990100901 0.75237215722329 0.503006944616791 0.0433826589712407 0.799239779657219 0.242176901395433 0.0559241849381942 20 Ens003i
0.589258521113623 0.173740522447777 0.964016439868137 0.229567601605517 0.229567601605517 0.992849238085328 0.00438110677736999 0.107284406559873 0.471630110278493 0.191726481253549 0.11805125050659 0.0689886560186278 0.361671050394652 0.430858903188491 0.62899146025884 0.862965378824156 0.189482098739827 20 Ens003j
0.695622961557512 0.16247870102078 0.310107440571301 0.27420268107809 0.27420268107809 0.238705541559029 0.756890242788605 0.176344825656172 0.156577355916379 0.756734235820935 0.144734707206912 0.573246623482555 0.25003620300442 0.718360338907223 0.309751025572186 0.0437458413804416 0.74518090779311 20 Ens003k
1.12543226400475 0.184533848034059 0.838567905193195 0.254371596747523 0.254371596747523 0.829281603121199 0.127123437133834 0.129150247395601 0.344103102382505 0.0266840653583983 0.0823538198306277 0.261515731930267 0.396666069540661 0.328459380334243 0.865080929260002 0.584342327013146 0.858360279478366 20 Ens003l
0.747486237370481 0.165858703831645 0.340974330683239 0.264509999178468 0.264509999178468 0.850163495058659 0.0204631473784895 0.132440396658419 0.617807387885405 0.18949455144369 0.0937623304211177 0.00984276087256148 0.474584989548894 0.827534305399749 0.178562534714583 0.450604027321097 0.0109176476742141 20 Ens003m
1.16259640557812 0.166919493917011 0.516551480725175 0.330415538022867 0.330415538022867 0.720214553510305 0.209949265575951 0.216607729170172 0.582821037507383 0.0759948972530335 0.175795216998419 0.0789853465289343 0.753181359991431 0.0690625987807289 0.965720849394565 0.107363820525352 0.542325785631547 20 Ens003n
0.971369626945814 0.154200199196795 0.0160586027416866 0.290086649014634 0.290086649014634 0.482254972509108 0.141863798153679 0.101537278191441 0.223876794078387 0.0151920372235458 0.0873565557392908 0.747464426736115 0.787873502656585 0.521843754644506 0.75832593759289 0.360333578871796 0.391876536416821 20 Ens003o
1.15732153893947 0.15504798824205 0.415064919112483 0.306202105723221 0.306202105723221 0.282157103598584 0.298398628938546 0.156159928861155 0.273787225352135 0.0838378239062418 0.216523704588567 0.314401076514041 0.977307230236474 0.909187875037314 0.424170052625705 0.524788476624526 0.757558469428914 20 Ens003p
1.02610199176708 0.212692325504602 0.938972288614605 0.258690365466017 0.258690365466017 0.171824533751933 0.476353894174764 0.094381612511808 0.232765858559869 0.715416412382102 0.0892993783457666 0.63964789218735 0.651657834020443 0.451276745302603 0.353798715152079 0.0738253650465049 0.0883023411489557 20 Ens003q
1.19567616548101 0.209715848937016 0.285424054332543 0.349935999248963 0.349935999248963 0.639987690183334 0.125745316956736 0.152977913779705 0.0062035529257264 0.724408459628388 0.130810432606284 0.969702936860267 0.566264552020002 0.22277074218262 0.815699453359703 0.436167984294007 0.627829639071133 20 Ens003r
0.895379265215208 0.167747819457122 0.454416574412026 0.224740795573616 0.224740795573616 0.570391729128314 0.13088022046569 0.0959270250616098 0.914422214399092 0.0338282442774741 0.136932713269965 0.931045963601209 0.101398108332651 0.773346463417402 0.032586241211975 0.680248435873073 0.652397773276316 20 Ens003s
1.6543222480495 0.173033458475732 0.857113284389488 0.357608543078275 0.357608543078275 0.617899629113963 0.0281786086409922 0.0919825295878159 0.878926980393007 0.0776891432046184 0.136157887529613 0.137840812768554 0.496810721488437 0.199521664608037 0.150854003342101 0.309210925122024 0.953229344474385 20 Ens003t
1.08314507139431 0.189025450371957 0.0377712510630954 0.26686878595604 0.26686878595604 0.420436978329672 0.0474069684913932 0.125914580517193 0.0485460845753551 0.227462816354248 0.181596087669895 0.377777997875819 0.150275267455727 0.633845506573562 0.604625455788337 0.550162076015258 0.12076393463416 20 Ens003u
1.58990164116871 0.177988941038665 0.801041681822389 0.375230301267126 0.375230301267126 0.00747365973773412 0.671928817564624 0.0889282994187549 0.654501080769114 0.19108962543124 0.197003890355792 0.519076405807864 0.64097105412744 0.565562615379458 0.549530191925587 0.730227026493521 0.283771281942027 20 Ens003v
1.20917155396664 0.158607331977369 0.916012217394309 0.359296780349384 0.359296780349384 0.306535808527842 0.373085918854274 0.0974952217028355 0.517204859362682 0.0268704819247862 0.107022242723858 0.779904402809916 0.140154222478159 0.651595837977948 0.707548988070339 0.899685886556981 0.573757592838956 20 Ens003w
1.16111571420336 0.214524583228019 0.646483781011775 0.294010906965597 0.294010906965597 0.793003560487414 0.181904216001617 0.211698868964008 0.76103123314213 0.0401280137592351 0.168552384585349 0.717822602977976 0.70151518210303 0.927156873946078 0.328118725435343 0.381314607614186 0.324364622957073 20 Ens003x
1.23161496506348 0.197193467673402 0.198101431579562 0.28380132870334 0.28380132870334 0.59434887159965 0.332178198690822 0.193255924263731 0.0579309079586528 0.849443046638462 0.102734587256484 0.117725365221268 0.226338606952922 0.541765518360771 0.390242322301492 0.950518843450118 0.938681950732134 20 Ens003y
0.840279789758394 0.157644354709581 0.983739214894595 0.27904465513447 0.27904465513447 0.0544716691120993 0.345398941841066 0.110841901640181 0.0832457197282929 0.655122206233049 0.0976023731939255 0.284596853988478 0.843816769684199 0.157426146863727 0.585309262900846 0.152963838163996 0.477532071128953 20 Ens003z
1.43929321958175 0.157115749703357 0.364091756652342 0.315447130813185 0.315447130813185 0.508154467877466 0.144548037409339 0.112317804468694 0.689978345222771 0.301719624252638 0.100167018600804 0.176507737089414 0.851018263214501 0.793227310855873 0.439484360947972 0.929658576273359 0.606684686084045 20 Ens0040
0.654342894642184 0.169088684420674 0.773932145938743 0.227859017997027 0.227859017997027 0.725838200651342 0.0452943533683697 0.119606267972224 0.182911143398378 0.703970623786023 0.162697134487159 0.869989293743856 0.0358569383854047 0.405388155666878 0.88229610217968 0.787503395926906 0.589276120662689 20 Ens0041
0.767486724959505 0.19126339649589 0.689560393943684 0.300534597552707 0.300534597552707 0.334875394585542 0.622562194377581 0.0864511476185059 0.297232413783204 0.310023544890153 0.155523146003171 0.159789481803309 0.180735275353072 0.115721029629931 0.247982743153116 0.663831680009607 0.214087358153192 20 Ens0042
0.814784582632688 0.204968180063518 0.550299520798726 0.326427379399676 0.326427379399676 0.213064944223734 0.0371876410239426 0.159119255956327 0.953974979961058 0.0455890247720184 0.150575190189602 0.593561032341095 0.526496562202228 0.813916660266696 0.665040966018569 0.329080651906552 0.837274974999018 20 Ens0043
0.581806571334649 0.171524477782459 0.217346125753829 0.221487186969207 0.221487186969207 0.25973702378571 0.345488987305846 0.203107439843388 0.706970727033913 0.181150953038404 0.103017804140152 0.608141712334473 0.740516414410668 0.275558877740987 0.0114024783798959 0.723452120894799 0.267688425126253 20 Ens0044
0.817247441300646 0.209421169078769 0.260447986419313 0.310198772084929 0.310198772084929 0.357835286848713 0.153076403222769 0.140953536209731 0.38875019722851 0.186674087345647 0.0831409495072197 0.202468567304313 0.0095602061948739 0.321699327671668 0.471566112828441 0.639420452415943 0.681188157130964 20 Ens0045
0.594063878191841 0.179296772709702 0.878093241780298 0.256882372027055 0.256882372027055 0.452699444339378 0.393406772528182 0.138783879411103 0.478896439279197 0.0716425422344362 0.0923655149845342 0.984550100337947 0.604904501528945 0.689153076914372 0.201027977128979 0.611952402463648 0.979278503047535 20 Ens0046
0.82945936260285 0.206599955984714 0.72224765009596 0.236787800201794 0.236787800201794 0.924272123393603 0.014889705570057 0.12060455185103 0.308682588218944 0.22767293407743 0.127943420979802 0.698413609291893 0.929721960120369 0.391760507009458 0.0553302986128256 0.0942548396659549 0.809018077375367 20 Ens0047
1.40183936203781 0.164277840959055 0.173348161554895 0.381082271127192 0.381082271127192 0.686880401552189 0.204202075598362 0.104764193248379 0.843268516967073 0.0633116655639513 0.0801889131028113 0.806370484443614 0.0808397236245219 0.0887051128142048 0.0904167537693866 0.267652846805286 0.465265697422437 20 Ens0048
1.36785726116636 0.220597249562206 0.660650891800178 0.339698790087959 0.339698790087959 0.429718569393735 0.256116257379094 0.107657171683571 0.117604432813823 0.177148438106975 0.144576091333406 0.889951042870525 0.877027108410839 0.235458563154098 0.113705803269986 0.987980107072508 0.371069708724972 20 Ens0049
0.986083147117596 0.199755304895564 0.741128644651035 0.237911643618411 0.237911643618411 0.0439138314116281 0.805177785001123 0.166196964726544 0.643924191407859 0.195087945628793 0.0968789600198133 0.340767930904403 0.202219396678265 0.87399867465836 0.499447932374896 0.285786454058252 0.0471858375670854 20 Ens004a
0.838858664349403 0.187282515187377 0.142255545560038 0.24749584379313 0.24749584379313 0.398986336104572 0.512868165155369 0.135267735752051 0.993774503053864 0.00320344412526662 0.125109932560309 0.418860167053063 0.971696051534964 0.26296907120035 0.99767423096695 0.91037315241294 0.337145290002227 20 Ens004b
1.36584617324434 0.174960552343509 0.525635278589325 0.346121768504835 0.346121768504835 0.805518751541386 0.0977825804706681 0.187574083150532 0.809238812574186 0.143831915665516 0.173620218841121 0.430523974776734 0.424870241007302 0.0188660393794999 0.135033543427708 0.818021494745044 0.167028693512548 20 Ens004c
1.09585843649023 0.159692759109383 0.435407555592246 0.24253774147794 0.24253774147794 0.941038799762027 0.0373469241076583 0.0873978590348136 0.136963018841343 0.706544671976659 0.1910464136543 0.533444164372049 0.285822498017224 0.739426826246781 0.501645556337899 0.128748570794705 0.409044246092672 20 Ens004d
0.696228398150105 0.184625363532749 0.0562003201211337 0.232902843267293 0.232902843267293 0.0940240383741911 0.443874201314698 0.0835761646769916 0.865010459877085 0.0402539151870754 0.203622567462025 0.651602782852715 0.428506444944069 0.139667634452926 0.831501291563036 0.207062466931529 0.43590433115256 20 Ens004e
1.22332366837885 0.161170084657501 0.486135886842385 0.368850935147318 0.368850935147318 0.768945725444937 0.224661291611902 0.10081259381972 0.40642759178183 0.471354979512077 0.0865434825287987 0.902700238785474 0.805466080936603 0.971455492095556 0.553344812898431 0.478890883214772 0.141940522027435 20 Ens004f
0.942380713302962 0.18346302405145 0.400378924770048 0.231875833973453 0.231875833973453 0.856770127901109 0.118557505002117 0.114334740457573 0.890486428287113 0.0936422651430531 0.164669825950742 0.92104616592289 0.119982615836198 0.226833017828176 0.826028436763445 0.315534876838792 0.235911988838343 20 Ens004g
1.26876265741669 0.180332076581702 0.397374435660895 0.387877867700361 0.387877867700361 0.609495110581629 0.0496677572879697 0.0985499301698524 0.427409292130033 0.183898350848297 0.121293187498064 0.57833103734185 0.2146410123643 0.459544948074035 0.0885789502540138 0.993968641468091 0.0670647610130254 20 Ens004h
1.2316821326487 0.161959255735582 0.957292249535676 0.266027000063246 0.266027000063246 0.476626224570209 0.0614607102099173 0.102367989867627 0.248357766616391 0.0924665547889765 0.133767437261321 0.544171914763283 0.491854413767578 0.498243940968532 0.107676086261636 0.0563053966546431 0.183648473044159 20 Ens004i
0.876354868697634 0.203684520283112 0.0906356350169517 0.2275928099492 0.2275928099492 0.0316116301820148 0.0422016968058475 0.122718487024643 0.60709614250809 0.135584270279406 0.183968057679414 0.706558082062984 0.944542022532551 0.357422792214202 0.378208634246839 0.841462044982472 0.366482507311739 20 Ens004j
0.887729061820669 0.167231041420111 0.864660240809899 0.276004118631555 0.276004118631555 0.261239614796359 0.383488451325179 0.0879104512487429 0.99834756742348 0.000648608086317811 0.142942912115907 0.298708273286466 0.918172833544668 0.820408670342295 0.927861847507302 0.654903662956785 0.726350252736593 20 Ens004k
0.673739049514785 0.174477803980034 0.734616053458303 0.280042682245105 0.280042682245105 0.961254170768661 0.019285999633498 0.136907876011857 0.659958388310624 0.162886772919456 0.210493542738702 0.495532338182675 0.332048501948593 0.859905919139274 0.859063278057147 0.162915964645799 0.307828238286311 20 Ens004l
0.808104095016924 0.15817051425122 0.601183484034846 0.298364161641345 0.298364161641345 0.896217573875329 0.0718592943757343 0.124297975394976 0.000206854161806405 0.669891030229806 0.214253801095251 0.552188189126318 0.520125748402206 0.0277171006286517 0.407212752561318 0.537572819851339 0.559572897324106 20 Ens004m
0.668655622658023 0.160855587243304 0.356373655217467 0.224078773244278 0.224078773244278 0.504344481785083 0.467863444951198 0.119980876244515 0.101750662433915 0.417964081278775 0.139463058929921 0.683073497063015 0.872033243678743 0.416066896851407 0.27155356018804 0.780711083972128 0.931717566658044 20 Ens004n
0.853910886741104 0.193017514207923 0.0507966642198153 0.24619526968522 0.24619526968522 0.77706292581046 0.0580511605969626 0.15708873832565 0.748614169782959 0.0542702965188571 0.105776498161708 0.0407446272857487 0.388871242420282 0.062768780287588 0.53454134493717 0.280441659917124 0.501175043449039 20 Ens004o
1.41918112743255 0.188621854266411 0.476450043107616 0.369718644987977 0.369718644987977 0.38892181394971 0.56238816551503 0.0925534351324729 0.874196053949418 0.118983523151959 0.101389419195506 0.998761206230847 0.284522511200048 0.283690943092806 0.284753932387102 0.882338011176325 0.294994661587989 20 Ens004p
1.17543926980465 0.210397886433214 0.504329744224669 0.34707215517907 0.34707215517907 0.2317750052677 0.751164096745222 0.184177947251235 0.400633609066717 0.023710900547289 0.0955739653666529 0.602510160107631 0.450342835636111 0.0969928248680662 0.482303062817082 0.48348126819008 0.270622301549884 20 Ens004q
1.30347529179802 0.169729470900787 0.334977516910294 0.334553923204965 0.334553923204965 0.816501417703694 0.106871995154434 0.0893610251218149 0.140093292460078 0.163088539640871 0.108237178090853 0.362616225901293 0.967626434091944 0.694090988378739 0.67130817164667 0.933302414654754 0.115625457919668 20 Ens004r
0.848451413836105 0.219792215490083 0.811094602630474 0.252586225803901 0.252586225803901 0.763102730744285 0.206542034030384 0.0827651132616141 0.591273730723187 0.0959410758456933 0.169966818040495 0.649650062918663 0.317940006896388 0.205332771744579 0.635523777699564 0.565713593678083 0.57864005244337 20 Ens004s
0.593744681405885 0.175342892621172 0.627691758570727 0.236852449867578 0.236852449867578 0.473385579015594 0.00695367653793665 0.0964389318571365 0.153336340632522 0.36877539665422 0.0880327952711967 0.348172215908999 0.639138917761156 0.140522073919419 0.739181895916117 0.919542819597991 0.6659027825878 20 Ens004t
0.786784394041247 0.217445121634116 0.94429885032936 0.271964997164674 0.271964997164674 0.71529740319238 0.0928061373343769 0.103893964923341 0.76827860089601 0.134333200636055 0.0810077499087322 0.788104884647764 0.530220743983518 0.994257437716005 0.125443288584938 0.440557511450024 0.493507426349679 20 Ens004u
1.26793755346847 0.168689907898291 0.246257920511998 0.345345468490199 0.345345468490199 0.075277903462993 0.377786464409681 0.0948798804392592 0.901365749082761 0.0877831686582838 0.103521963404641 0.0528876534779556 0.715390769268852 0.34473828347167 0.885406695113052 0.709049077579984 0.0937192838522606 20 Ens004v
0.956740974166385 0.197305296005036 0.444486185105052 0.261565899398041 0.261565899398041 0.840476503538666 0.127249424048698 0.173017055391562 0.937359160627238 0.000733840052772613 0.126976240379695 0.194458505960647 0.374056392255006 0.743007780854823 0.0630931317002978 0.853911462422693 0.834466927550966 20 Ens004w
1.20306462017023 0.176784914164594 0.702563529461622 0.381887934442833 0.381887934442833 0.0627358753071167 0.411651023314452 0.205633869752234 0.482387215929339 0.383383189221861 0.179069023984347 0.659379412184935 0.271956147314049 0.957091806624085 0.961824020798085 0.690976208301727 0.678847233579727 20 Ens004x
1.20255416031772 0.194363741126045 0.120035913371248 0.287359033752748 0.287359033752748 0.738153106376994 0.213085599822664 0.131933060866577 0.0738572391890921 0.150908353220401 0.0893898308063222 0.957838851737324 0.574970718092518 0.932415925733512 0.913680604745168 0.642958187434124 0.222810288426699 20 Ens004y
0.820621161094881 0.163999183614923 0.692893471962307 0.222092691587374 0.222092691587374 0.275014272131957 0.478264862286116 0.0813814247551378 0.0937131625739858 0.25285365185407 0.12576957831065 0.240981023076456 0.0794336114963517 0.878675467768917 0.751470439671539 0.402648211034248 0.160196113293059 20 Ens004z
1.595825203862 0.178508335192818 0.296442698450992 0.339363461254834 0.339363461254834 0.408422196593601 0.232727018107272 0.111443623397605 0.337890219719848 0.552752725123304 0.149065567000982 0.0223556568217464 0.0632605096441694 0.00666083908174187 0.355407125487691 0.250228579780087 0.470914496256737 20 Ens0050
1.53812877541714 0.18240778191599 0.665354310986586 0.327991955622286 0.327991955622286 0.200766637857305 0.76458091831479 0.13356633777117 0.0397328463522717 0.688059361182189 0.117210279272878 0.147617963097291 0.587861856350209 0.778188682597829 0.2323905821878 0.0797066480095964 0.383875358819496 20 Ens0051
1.05174764237203 0.184960944570166 0.26632241299958 0.313126247573771 0.313126247573771 0.997873596452409 0.00128325500892636 0.106563004857607 0.966870682061417 0.0257205794375167 0.154100881787342 0.217332204898121 0.989502775811125 0.911858956638025 0.443036844648886 0.175980729707517 0.447258234064793 20 Ens0052
0.723836863375551 0.159563227389055 0.561359187478665 0.291554124387279 0.291554124387279 0.189540310724406 0.623676056771716 0.162551427835856 0.833250208160607 0.0443926146461656 0.09338457121289 0.097757043245947 0.655573136807652 0.256172643562313 0.592723744075047 0.345393536413321 0.0337457237252966 20 Ens0053
1.02191076379192 0.195968473515089 0.891165147706633 0.301281327638397 0.301281327638397 0.136716855925042 0.129567449889997 0.0907187817561933 0.69908521481324 0.0197158335120059 0.201404656848193 0.818074789054226 0.801626133514801 0.181397446870105 0.211401888364926 0.218579027430387 0.611919875345193 20 Ens0054
0.76528467718244 0.16607188306622 0.137450363462558 0.275116666461901 0.275116666461901 0.525039730082499 0.17281533757746 0.0844960462879594 0.464128588566091 0.300620684370826 0.10088195120226 0.89383569285972 0.0271762312727515 0.315035226738546 0.81215640753042 0.124532805558993 0.873069844121346 20 Ens0055
1.71123230436974 0.201505427772909 0.794899951855186 0.363589657863468 0.363589657863468 0.561584365968593 0.0413259570845625 0.147665482490103 0.269575730131473 0.368378039393295 0.132703250588077 0.403309111298295 0.196431316848611 0.508844531245995 0.992256762194447 0.972132613030262 0.703896011196775 20 Ens0056
1.15177227035942 0.153918293836995 0.184937397286994 0.308035366918479 0.308035366918479 0.912106067603454 0.0271441787946863 0.0799581940264947 0.720291401910363 0.149160561150721 0.0914021455842434 0.459600585036678 0.439571379483677 0.556045547886752 0.0393328315042891 0.508953706085449 0.884989548356971 20 Ens0057
0.810030613315438 0.215943547752108 0.833274534579832 0.260584562221809 0.260584562221809 0.939110273562837 0.0281825784660602 0.167644814017961 0.361427733250894 0.398998025066481 0.084499773234129 0.167173115035985 0.763600322412094 0.174830262218602 0.693435054724105 0.36542750585475 0.136493515397888 20 Ens0058
1.02247622786923 0.171304255227241 0.048950046536047 0.243985446438768 0.243985446438768 0.164677763282089 0.742854758039969 0.127747208842089 0.811176098550204 0.0179438990691438 0.112727316754642 0.384343237784924 4.27861697971821e-05 0.673822009020951 0.517622748137219 0.728098802039167 0.646660496476106 20 Ens0059
0.688783146209302 0.207790797318598 0.530579929006053 0.255449889861514 0.255449889861514 0.117933334922418 0.641421284359527 0.108516920935974 0.2930398416752 0.678570121067836 0.0978836162375941 0.100506499762414 0.419968965933658 0.755094182847533 0.158719523394248 0.377652712451527 0.964843796601053 20 Ens005a
1.0721324295704 0.20038808400017 0.0219342506979592 0.357152059500849 0.357152059500849 0.433583403775701 0.159349603088584 0.144420774448841 0.324166825504508 0.0974957001781467 0.162273295751995 0.425168586774962 0.684492963727098 0.646883885505376 0.704867825383553 0.0255073497409467 0.905648170951754 20 Ens005b
0.866776814939421 0.187977932079479 0.583661449097563 0.322995901230048 0.322995901230048 0.0107114956621081 0.551299634931941 0.100303652970431 0.542522602734389 0.190381153369622 0.0859152077937784 0.728952494540717 0.238641407556133 0.577723719109781 0.324593391821254 0.00460307144443505 0.413875586419599 20 Ens005c
0.591236995899555 0.190444719066569 0.324635800331598 0.250664871757276 0.250664871757276 0.599564115722896 0.0933028703144988 0.151353503762604 0.185394824643154 0.804751942415729 0.147525607966957 0.323885573338484 0.173297935856972 0.616620704676025 0.00556380841881037 0.805895588045241 0.331642909173388 20 Ens005d
0.906443471040408 0.155533814034348 0.993795285117812 0.23982767872981 0.23982767872981 0.373324014300015 0.43903180111476 0.22089629498627 0.630760925957002 0.253132139947827 0.110053743811891 0.77481752951513 0.7282646944921 0.109601811704924 0.609909904015949 0.760297469743528 0.768466571799945 20 Ens005e
1.65073168451166 0.156214641152155 0.206063177273609 0.376165948548925 0.376165948548925 0.673520573639544 0.171505254977208 0.19703329657295 0.391399133583764 0.385372726452552 0.0936811049251626 0.940717139469925 0.89616859304253 0.383359076684574 0.337039873073809 0.229740852818359 0.798496855398407 20 Ens005f
0.975354173448721 0.206817837283009 0.166735135063063 0.230623729799123 0.230623729799123 0.32566861785599 0.129579746553359 0.115100687860607 0.563718022624962 0.39945547717498 0.0817323195097893 0.842752477315953 0.829783627057914 0.548484950229758 0.777167981861858 0.137758070131531 0.547921898772474 20 Ens005g
1.25584231337877 0.163500659844029 0.923340222950792 0.291895034072178 0.291895034072178 0.698155457013054 0.0158526739607 0.190830133978659 0.798316545459675 0.0712123296888355 0.0827724513999596 0.511382647367427 0.130895271485206 0.707790192879038 0.462458241001004 0.598895807359368 0.803641229143832 20 Ens005h
1.47429047214716 0.212206758257199 0.751383085121633 0.314335839814035 0.314335839814035 0.643777806684375 0.231396690478508 0.0859722303836913 0.217282917223638 0.594790241213356 0.118390248231488 0.251010168254143 0.796799593607429 0.445474062401336 0.572415619617095 0.624287971846061 0.995789680309827 20 Ens005i
0.914360204271877 0.172264642352165 0.461339932443807 0.235423427019051 0.235423427019051 0.310552606194979 0.14355228445277 0.178356833445665 0.502553971310845 0.400000295047622 0.194756569893695 0.852575179296546 0.622679512635805 0.839156806904357 0.197602039716439 0.46990953037166 0.0062195051764138 20 Ens005j
